  105
  115
   91
 -105
    7
 -102
   91
  -65
 -113
 -108
  -43
   75
   20
 -128
 -113
   -7
  126
  -20
  -35
  123
  -38
 -118
  -98
  -20
  -29
  -17
   51
   72
  -23
 -104
   58
   57
    0
 -121
   48
  -86
 -112
  117
   54
  -75
   75
 -102
  -20
  112
 -120
   34
  111
  112
   82
  -11
  -46
   60
   70
   80
  -41
   96
 -107
   67
   60
 -102
  -96
   73
  -91
   72
    2
  -41
   51
    5
  -81
  -18
   26
 -127
  -24
 -102
  -15
 -122
   65
  -93
 -124
  -77
  126
   63
   34
  -31
   51
  -79
  -45
   99
  -27
   94
 -118
  -49
  -47
   15
  -68
   97
  -22
  -34
  -51
   36
 -123
   15
   15
   10
  -74
 -123
   -2
  -28
  -54
   59
 -128
   43
   75
   17
  -51
  -15
  -23
    4
   50
 -108
   50
   41
  101
  -11
   15
  110
   61
    5
  -37
   33
  104
   37
  -47
   66
 -101
  -67
  -65
  -36
   66
  -16
   85
   11
    0
 -113
  -78
  -34
  -28
   -2
   42
  114
